
001 999 999 999 999 999 999 999 999 999 999 999 999 999 999 999 999 999 999 999 999 999 999 999 999 999 999 999 999 999 999 999 999 999 999 999 065 999

999 999  -6 -16 025 999 999 999  -9 999 999 999 999 999 999 999 026 029 999 035 999 999 999 999 999 999 999 999 999 999 999 999 999 999 999 999 999 999

999 999 999 999 999 999 999 999 999 999 999 999 999 999 999 999 999 999 -28 999 999  33  37  39  41 999 999 999 -47 999 -51 999 999 -54  60  62 999 999

999 999 005 999 999 999 999 999 999 999 999 999 999 999 999 999 999 999 999 999 999 999 999 999 999 999 999 999 999 999 999 999 999 999 999 999 999 999

999 999  -6 015 999 999 999 999  -9 999 999 017 018 999 999 999 999 999 999 999 999 999 999 999 999 999 999 999 999 999 999 999 999 999 999 999 999 999

999 999  -6 015 999 999 999 999  -9 999 999 017 019 999 999 999 999 999 999 999 999 999 999 999 999 999 999 999 999 999 999 999 999 999 999 999 999 999

999 999 999 999 999 999 999 999 999 999 999 999 999 999 999 999 999 999 999 999 999 999 999 999 999 999 999 999 999 999 999 999 999 999 999 999 999 999

999 999 999 999 999 999 999 010 999 012 999 999 999 999 999 999 999 999 999 999 999 999 999 999 999 999 999 999 999 999 999 999 999 999 999 999 999 999

999 999 999 999 999 999 999 010 999 013 999 999 999 999 999 999 999 999 999 999 999 999 999 999 999 999 999 999 999 999 999 999 999 999 999 999 999 999

999 999 999 999 999 999 999 011 999 999 014 999 999 999 999 999 999 999 999 999 999 999 999 999 999 999 999 999 999 999 999 999 999 999 999 999 999 999

999 999 999 999 999 999 999 999 999 999 999 999 999 999 999 999 999 999 999 999 999 999 999 999 999 999 999 999 999 999 999 999 999 999 999 999 999 999

999 999 999 999 999 999 999 999 999 999 999 999 999 999 999 999 026 030 999 999 999 999 999 999 999 999 999 999 999 999 999 999 999 999 999 999 999 999

999 999 999 999 999 999 999 999 999 999 999 999 999 999 999 999 999 999 999 999 999 999 999  39 999 999 999 999 -47 999 -51 999 999 -54  60  62 999 999

999 999 999 999 999 999 999 999 999 999 999 999 999 999 999 999 999 999 999 999 999 032  37  39  41 999 999 999 -47 999 -51 999 999 -54  60  62 999 999

999 999 999 999 999 999 999 999 999 999 999 999 999 999 999 999 026 031 999 999 999 999 999 999 999 999 999 999 999 999 999 999 999 999 999 999 999 999

999 999 999 999 999 999 999 999 999 999 999 999 999 999 999 999 999 999 999 999 999 999 999  39 999 999 999 999 -47 999 -51 999 999 -54  60  62 999 999

999 999 999 999 999 999 999 999 999 999 999 999 999 999 999 999 999 999 999 999 045 999 999 999 999 042 999 048 999 052 999 999 058 999 999 999 999 999

999 002 999 999 999 999 007 999 008 999 999 999 999 999 022 999 026 029 999 034 045 999 999 999 999 042 999 048 999 052 999 999 055 999 999 999 999 999

999 999 999 999 999 999 999 999 999 999 999 999 999 999 999 999 999 999 999 999 045 999 999 999 999 042 999 048 999 052 999 999 056 999 999 999 999 066

999 999 999 999 999 999 999 999 999 999 999 999 999 999 999 999 999 999 999 999 045 999 999 999 999 042 999 048 999 052 999 999 056 999 999 999 999 067

999 999 999 999 999 999 999 999 999 999 999 999 999 999 999 999 999 999 999 999 999 999 999  39 999 999 999 999 046 999 -51 999 999 -54  60  62 999 999

999 999 999 999 999 999 999 999 999 999 999 999 999 999 999 999 999 999 999 999 999 999 999  39 999 999 999 999 999 999 999 999 999 053  60  62 999 999

999 999 999 999 999 999 999 999 999 999 999 999 999 999 999 999 999 999 999 999 999 999 999  39 999 999 999 999 999 999 050 999 999 -54  60  62 999 999

999 999 999 999 999 999 999 999 999 999 999 999 999 999 999 999 999 999 999 999 999 999 036  39 999 999 999 999 999 999 999 999 999 999 999 999 999 999

999 999 999 999 999 003 999 999 999 999 999 999 999 999 999 999 999 999 999 999 999 999 999  39 999 999 043 999 -47 999 -51 999 999 -54  60  62 999 999

999 999 999 999 999 999 999 999 999 999 999 999 999 -21 999 023 999 999 027 999 999  33  37  39  41 999 999 999 -47 999 -51 999 999 -54  60  62 999 999

999 999 999 999 999  -4 999 999 999 999 999 999 999 -21 999 999 999 999 999 999 999 999 999 999 999 999 999 999 999 999 999 999 999 999 999 999 999 999

999 999 999 999 999  -4 999 999 999 999 999 999 999 999 999 -24 999 999 999 999 999 999 999  39 999 999 -44 999 -47 999 -51 999 999 -54  60  62 999 999

999 999 999 999 999 999 999 999 999 999 999 999 999 020 999 999 999 999 999 999 045 999 037 999 040 042 999 048 999 052 999 999 057 999 059 061 999 999

999 999 999 999 999 999 999 999 999 999 999 999 999 999 999 999 999 999 999 999 999 999 999  39 999 999 999 999 -47 999 -51 999 999 -54  60  62 999 999

999 999 999 999 999 999 999 999 999 999 999 999 999 999 999 999 999 999 999 999 999 999 036 038 999 999 999 999 999 999 999 999 999 999 060 999 999 999

999 999 999 999 999 999 999 999 999 999 999 999 999 999 999 999 999 999 999 999 045 999 999 999 999 042 999 049 999 999 999 064 999 999 999 999 999 999

999 999 999 999 999 999 999 999 999 999 999 999 999 999 999 999 999 999 999 999 045 999 999 999 999 042 999 049 999 999 999 063 999 999 999 999 999 999

999 999 999 999 999 999 999 999 999 999 999 999 999 999 999 999 999 999 999 999 999 999 999 999 999 999 999 999 999 999 999 999 999 999 999 999 999 999

999 999 999 999 999 999 999 999 999 999 999 999 999 999 999 999 999 999 999 999 999 999 999 999 999 999 999 999 999 999 999 999 999 999 999 999 999 999